ID: 15   VAL: 19.929194   TIME: 1673459499
ID: 15   VAL: 19.700835   TIME: 1673459502
