ID: 15   VAL: 19.774556   TIME: 1673472288
ID: 15   VAL: 19.549922   TIME: 1673472291
