ID: 37   VAL: 20.137988   TIME: 1673474914
ID: 37   VAL: 20.040633   TIME: 1673474917
